Carbon Steel - Schedule 40
      12.7     15.8    21.34
     19.05    20.93    26.67
      25.4    26.64     33.4
     31.75    35.05    42.16
      38.1    40.89    48.26
      50.8     52.5    60.33
      63.5    62.71    73.03
      76.2    77.93     88.9
      88.9    90.12    101.6
     101.6   102.26    114.3
       127   128.19    141.3
     152.4   154.05   168.28
     203.2   202.72   219.08
       254   254.51   273.05
     304.8   303.23   323.85
     355.6    333.4    355.6
     406.4      381    406.4
     457.2   428.65    457.2
       508   477.88      508
     609.6   574.65    609.6
Carbon Steel - Schedule 80
      12.7    13.87    21.34
     19.05    18.85    26.67
      25.4    24.31     33.4
     31.75    32.46    42.16
      38.1     38.1    48.26
      50.8    49.25    60.33
      63.5       59    73.03
      76.2    73.66     88.9
      88.9    85.45    101.6
     101.6    97.18    114.3
       127   122.25    141.3
     152.4   146.33   168.28
     203.2   193.68   219.08
       254   242.93   273.05
     304.8   288.95   323.85
     355.6    317.5    355.6
     406.4   363.52    406.4
     457.2   409.55    457.2
       508   455.63      508
     558.8   501.65    558.8
     609.6   547.67    609.6
Copper - K
      6.35     7.75     9.53
      9.53    10.21     12.7
      12.7    13.39    15.88
     19.05    18.92    22.23
      25.4    25.27    28.58
     31.75    31.62    34.93
      38.1    37.62    41.28
      50.8    49.76    53.98
      63.5    61.85    66.68
      76.2    73.84    79.38
     101.6    97.97   104.78
       127   122.05   130.18
     152.4   145.82   155.58
     203.2   192.61   206.38
       254      240   257.18
     304.8    287.4   307.98
Copper - L
      6.35        8     9.53
      9.53    10.92     12.7
      12.7    13.84    15.88
     19.05    19.94    22.23
      25.4    26.04    28.58
     31.75    32.13    34.93
      38.1    38.23    41.28
      50.8    50.42    53.95
      63.5    62.61    66.68
      76.2     74.8    79.38
     101.6    99.19   104.78
       127   123.83   130.18
     152.4   148.46   155.58
     203.2   196.22   206.38
       254   244.48   257.18
     304.8   293.75   307.98
Copper - M
      9.53    11.43     12.7
      12.7    14.45    15.88
     19.05     20.6    22.23
      25.4     26.8    28.58
     31.75    32.79    34.93
      38.1    38.79    41.28
      50.8    51.03    53.98
      63.5    63.37    66.68
      76.2    75.72    79.38
     101.6    99.95   104.78
       127   124.64   130.18
     152.4   149.38   155.58
     203.2   197.74   206.38
       254   246.41   257.18
     304.8   295.07   307.98
Ductile Iron - 22
      76.2    84.33   100.58
     101.6   104.14   121.92
     152.4   155.96   175.26
     203.2   209.04   229.87
       254   259.59   281.94
     304.8    310.9   335.28
     355.6   362.71   388.62
     406.4   414.53   441.96
     457.2   465.84    495.3
       508   517.14   548.64
     609.6   620.78   655.32
       762   772.67    812.8
     914.4   928.62   972.82
    1066.8  1081.02   1130.3
    1219.2  1236.47  1290.32
Ductile Iron - 30
      76.2     70.1   100.58
     101.6     88.9   121.92
     152.4    139.7   175.26
     203.2   192.28   229.87
       254   240.28   281.94
     304.8   290.07   335.28
     355.6   340.87   388.62
     406.4   391.67   441.96
     457.2   440.94    495.3
       508   490.73   548.64
     609.6   591.82   655.32
       762   738.63    812.8
     914.4   890.52   972.82
    1066.8  1039.37   1130.3
    1219.2  1191.26  1290.32
Plastic - Schedule 40
      12.7     15.8    21.34
     19.05    20.93    26.67
      25.4    26.64     33.4
     31.75    35.05    42.16
      38.1    40.89    48.26
      50.8     52.5    60.33
      63.5    62.71    73.03
      76.2    77.93     88.9
      88.9    90.12    101.6
     101.6   102.26    114.3
       127   128.19    141.3
     152.4   167.77   168.28
     203.2   202.72   219.08
       254   254.51   273.05
     304.8   303.23   323.85
Plastic - Schedule 80
      12.7    13.87    21.34
     19.05    18.85    26.67
      25.4    24.31     33.4
     31.75    32.46    42.16
      38.1     38.1    48.26
      50.8    49.25    60.33
      63.5       59    73.03
      76.2    73.66     88.9
      88.9    85.45    101.6
     101.6    97.18    114.3
       127   122.25    141.3
     152.4   146.33   168.28
     203.2      214   219.08
       254   242.93   273.05
     304.8   288.95   323.85
Stainless Steel - 5S
      12.7    18.03    21.34
     19.05    23.37    26.67
      25.4     30.1     33.4
     31.75    38.86    42.16
      38.1    44.96    48.26
      50.8    57.02    60.33
      63.5    68.81    73.03
      76.2    84.68     88.9
     101.6   110.08    114.3
       127   135.76   128.19
     152.4   162.74   168.28
     203.2   213.54   219.08
       254   266.24   273.05
     304.8   315.93   323.85
Stainless Steel - 10S
      3.18      7.8    10.29
      6.35    10.41    13.72
      9.53    13.84    17.15
      12.7    17.12    21.34
     19.05    22.45    26.67
      25.4    27.86     33.4
     31.75    36.63    42.16
      38.1    42.72    48.26
      50.8    55.25    60.33
      63.5    66.93    73.03
      76.2     82.8     88.9
     101.6    108.2    114.3
       127   134.49    141.3
     152.4   161.47   168.28
     203.2   211.56   219.08
       254   264.67   273.05
     304.8   314.71   323.85
